Unit-related coding parameters
------------------------------
Unit 0
  depth: 2
  preds: [0, 1, 1, 1, 2, 1, 1, 1, 2, 1, 1, 1, 2, 1, 1, 1]
  cuts:  [2, 2, 2, 2, 2, 2, 2, 2, 2, 2, 2, 2, 2, 2, 2, 1]
Unit 1
  depth: 3
  preds: [1, 1, 1, 1, 1, 1, 1, 1, 1, 1, 2, 1, 1, 2, 1, 1, 1, 1, 1, 1, 1, 1, 1, 1, 1, 1, 1, 1, 3, 1, 2, 1, 2, 3, 1, 3, 1, 1, 1, 2, 1, 2, 3, 3, 3, 2, 2, 3, 1, 1, 2, 3, 1, 3, 2, 1, 1, 2, 2, 1, 2, 3, 2, 2]
  cuts:  [1, 1, 1, 1, 1, 1, 1, 1, 1, 1, 1, 1, 1, 1, 1, 1, 1, 1, 1, 1, 1, 1, 1, 1, 1, 1, 1, 1, 1, 1, 1, 1, 1, 1, 1, 1, 1, 1, 1, 1, 1, 1, 0, 1, 1, 1, 1, 1, 1, 0, 1, 1, 1, 0, 1, 1, 0, 1, 1, 1, 1, 1, 1, 1]
Unit 2
  depth: 2
  preds: [1, 1, 1, 1, 3, 1, 1, 1, 2, 1, 1, 1, 2, 1, 1, 1]
  cuts:  [2, 2, 2, 2, 2, 2, 2, 2, 2, 2, 2, 2, 1, 2, 2, 2]
Unit 3
  depth: 2
  preds: [1, 1, 1, 1, 3, 1, 1, 1, 1, 1, 1, 1, 1, 1, 1, 1]
  cuts:  [2, 2, 2, 2, 2, 2, 2, 2, 2, 2, 2, 2, 2, 2, 2, 2]
Unit 4
  depth: 3
  preds: [2, 3, 1, 1, 1, 1, 1, 1, 2, 2, 1, 1, 0, 1, 2, 1, 2, 1, 1, 2, 3, 3, 1, 1, 2, 1, 2, 2, 2, 3, 3, 1, 2, 1, 2, 3, 3, 2, 2, 3, 0, 3, 2, 2, 1, 1, 2, 3, 3, 2, 3, 2, 2, 3, 1, 2, 2, 3, 2, 2, 2, 1, 1, 3]
  cuts:  [1, 1, 1, 1, 0, 1, 1, 1, 1, 1, 1, 1, 0, 1, 1, 1, 1, 1, 1, 0, 1, 1, 1, 1, 1, 1, 0, 0, 1, 1, 1, 1, 1, 1, 0, 1, 1, 1, 1, 1, 1, 1, 1, 1, 1, 1, 1, 1, 0, 1, 1, 1, 1, 1, 1, 1, 0, 1, 1, 1, 1, 1, 1, 1]
Unit 5
  depth: 3
  preds: [3, 3, 2, 2, 2, 0, 0, 3, 3, 1, 1, 3, 3, 0, 1, 1, 3, 3, 3, 2, 2, 3, 3, 3, 3, 2, 3, 2, 3, 3, 1, 2, 3, 2, 3, 3, 2, 1, 1, 2, 1, 2, 2, 1, 3, 1, 3, 3, 3, 1, 2, 3, 2, 1, 1, 2, 1, 3, 1, 3, 3, 3, 2, 1]
  cuts:  [1, 1, 1, 0, 1, 1, 1, 1, 1, 1, 0, 1, 1, 1, 1, 1, 1, 1, 0, 0, 1, 1, 1, 0, 1, 1, 1, 0, 1, 1, 1, 1, 1, 1, 1, 0, 1, 1, 1, 1, 1, 1, 1, 0, 1, 1, 1, 1, 1, 1, 1, 1, 1, 1, 1, 1, 1, 1, 1, 1, 1, 1, 1, 1]
Unit 6
  depth: 3
  preds: [0, 1, 2, 1, 2, 2, 3, 1, 3, 1, 1, 1, 2, 2, 2, 2, 2, 3, 3, 3, 2, 1, 3, 1, 1, 0, 1, 1, 2, 0, 1, 1, 1, 2, 1, 2, 2, 3, 3, 3, 3, 1, 2, 2, 2, 3, 3, 2, 2, 3, 2, 2, 1, 3, 0, 1, 3, 0, 2, 0, 1, 1, 1, 1]
  cuts:  [0, 1, 1, 1, 1, 1, 1, 1, 0, 0, 1, 1, 1, 1, 1, 1, 0, 1, 1, 0, 1, 1, 1, 1, 0, 1, 1, 1, 0, 1, 1, 1, 1, 1, 1, 1, 1, 1, 1, 1, 1, 1, 1, 1, 1, 1, 0, 1, 0, 1, 0, 1, 1, 1, 0, 1, 1, 0, 1, 1, 1, 1, 1, 1]
Unit 7
  depth: 3
  preds: [1, 1, 1, 3, 1, 1, 1, 1, 1, 2, 3, 2, 3, 1, 1, 1, 3, 2, 3, 2, 2, 2, 1, 1, 3, 2, 2, 2, 3, 0, 1, 1, 1, 1, 0, 3, 3, 1, 1, 1, 2, 0, 1, 1, 2, 3, 1, 0, 1, 1, 1, 1, 1, 1, 1, 3, 1, 1, 1, 1, 1, 1, 1, 1]
  cuts:  [1, 1, 1, 1, 1, 1, 1, 1, 1, 1, 1, 1, 1, 1, 1, 1, 1, 1, 1, 1, 1, 1, 1, 1, 1, 1, 1, 1, 1, 1, 1, 1, 1, 1, 1, 1, 1, 1, 1, 1, 1, 1, 1, 1, 1, 1, 1, 1, 1, 1, 1, 1, 1, 1, 1, 1, 1, 1, 1, 1, 1, 1, 1, 1]
Unit 8
  depth: 2
  preds: [2, 3, 2, 3, 2, 3, 2, 3, 2, 2, 1, 1, 2, 1, 1, 1]
  cuts:  [1, 2, 2, 2, 2, 2, 2, 2, 2, 2, 2, 2, 2, 2, 2, 2]
Unit 9
  depth: 3
  preds: [2, 3, 2, 1, 1, 1, 3, 1, 2, 1, 2, 3, 3, 2, 1, 2, 3, 1, 1, 2, 2, 2, 2, 2, 1, 1, 1, 2, 0, 3, 1, 1, 3, 2, 3, 2, 2, 3, 3, 3, 1, 2, 3, 0, 3, 3, 1, 3, 1, 1, 0, 3, 3, 3, 2, 3, 1, 0, 3, 3, 3, 3, 3, 1]
  cuts:  [1, 1, 1, 1, 1, 1, 1, 1, 1, 1, 1, 1, 1, 1, 1, 1, 1, 1, 0, 1, 0, 0, 1, 1, 1, 1, 1, 1, 0, 1, 1, 0, 1, 1, 1, 0, 1, 1, 1, 1, 1, 1, 0, 0, 1, 1, 1, 1, 0, 0, 0, 0, 0, 1, 0, 0, 1, 0, 0, 0, 0, 0, 0, 0]
Unit 10
  depth: 3
  preds: [2, 1, 2, 2, 3, 3, 3, 1, 2, 1, 2, 2, 3, 3, 1, 1, 2, 0, 2, 3, 3, 2, 3, 3, 0, 3, 3, 1, 0, 2, 3, 2, 3, 2, 2, 2, 3, 3, 1, 3, 3, 0, 1, 1, 2, 3, 3, 3, 3, 0, 2, 1, 0, 3, 2, 3, 3, 0, 2, 3, 1, 2, 3, 3]
  cuts:  [1, 0, 1, 1, 1, 1, 1, 1, 1, 1, 1, 1, 1, 1, 1, 1, 0, 0, 1, 1, 0, 1, 1, 1, 1, 1, 1, 0, 1, 1, 1, 1, 1, 1, 0, 0, 1, 1, 1, 1, 1, 1, 1, 0, 0, 1, 0, 1, 1, 1, 0, 0, 0, 0, 0, 0, 0, 1, 1, 0, 0, 0, 0, 0]
Unit 11
  depth: 2
  preds: [3, 3, 1, 1, 3, 3, 3, 3, 3, 3, 3, 3, 2, 3, 3, 3]
  cuts:  [2, 2, 2, 2, 2, 2, 2, 2, 1, 1, 1, 2, 0, 0, 0, 1]
Unit 12
  depth: 2
  preds: [2, 3, 1, 3, 2, 3, 3, 2, 2, 3, 2, 1, 2, 3, 2, 0]
  cuts:  [2, 2, 2, 2, 2, 2, 2, 2, 2, 2, 2, 1, 2, 2, 1, 2]
Unit 13
  depth: 3
  preds: [3, 2, 3, 3, 3, 3, 3, 3, 3, 2, 3, 3, 3, 1, 2, 2, 3, 2, 3, 3, 1, 3, 2, 3, 2, 2, 3, 3, 3, 3, 1, 3, 1, 2, 3, 3, 3, 3, 1, 0, 2, 2, 3, 1, 3, 3, 3, 2, 2, 2, 2, 3, 1, 3, 2, 3, 2, 2, 3, 3, 3, 3, 3, 3]
  cuts:  [1, 0, 0, 0, 0, 0, 0, 0, 1, 0, 0, 0, 0, 0, 0, 0, 1, 0, 0, 0, 0, 0, 0, 0, 1, 0, 0, 0, 0, 0, 0, 1, 1, 0, 0, 0, 0, 0, 0, 0, 1, 0, 0, 0, 0, 0, 0, 1, 1, 0, 0, 0, 0, 0, 0, 0, 1, 0, 0, 0, 0, 0, 0, 0]
Unit 14
  depth: 3
  preds: [1, 0, 2, 1, 3, 0, 3, 1, 0, 2, 2, 3, 3, 1, 2, 3, 0, 1, 2, 3, 3, 1, 0, 3, 2, 3, 2, 3, 3, 3, 1, 2, 2, 1, 2, 3, 3, 1, 3, 1, 3, 3, 2, 3, 2, 2, 3, 0, 3, 0, 1, 3, 3, 3, 1, 3, 3, 3, 3, 3, 3, 3, 3, 3]
  cuts:  [1, 0, 0, 0, 0, 0, 0, 0, 1, 0, 1, 0, 0, 0, 0, 0, 0, 0, 0, 0, 0, 0, 0, 0, 0, 0, 0, 0, 0, 0, 0, 0, 0, 0, 0, 0, 0, 0, 0, 0, 0, 0, 0, 0, 0, 0, 0, 0, 0, 0, 0, 0, 0, 0, 0, 0, 0, 0, 0, 0, 0, 0, 0, 0]
Unit 15
  depth: 2
  preds: [2, 3, 3, 3, 3, 3, 3, 3, 0, 3, 1, 3, 0, 3, 3, 3]
  cuts:  [0, 0, 0, 0, 0, 0, 0, 0, 0, 0, 0, 0, 0, 0, 0, 0]
